12000
[]
[]
[]
[]
[]
[]
[]
[]
[]
[]
[]
[]

1000
[69759.08, 70270.62, 71004.84, 71517.96, 72484.38, 73073.98, 73715.56, 74360.42, 74992.02, 76069.58, 76632.12, 77218.2, 77937.56, 78368.22, 79355.8, 80201.52, 81619.34, 82172.92, 82903.78, 83768.82, 84299.88, 85338.86, 86017.08, 86741.76, 87389.66, 88126.4, 88826.36, 89906.82, 90651.76, 91632.22, 92529.9, 93773.58, 94407.6, 95019.44, 95552.66, 96212.82, 97037.96, 98221.96, 99126.02, 99988.62, 100221.36, 100748.86, 101495.4, 102172.76, 103080.72, 103718.7, 104732.88, 105247.88, 105922.3, 106716.52, 107806.24, 108600.04, 109222.6, 109856.94, 110581.76, 110728.46, 111192.88, 111620.4, 112947.16, 112981.62]
[0.76, 0.96, 0.88, 0.98, 1.12, 1.1400000000000001, 1.2400000000000002, 0.8600000000000001, 1.2200000000000002, 1.08, 1.04, 1.22, 1.1600000000000001, 1.06, 1.32, 0.9, 1.36, 1.3, 0.96, 1.1600000000000001, 1.08, 1.4000000000000001, 1.3599999999999999, 1.22, 1.06, 1.12, 1.22, 1.44, 1.24, 1.42, 1.46, 1.34, 1.3800000000000001, 1.6800000000000002, 1.2600000000000002, 1.4600000000000002, 1.4200000000000002, 1.56, 1.56, 1.6600000000000001, 1.28, 1.56, 1.4600000000000002, 1.3, 1.1600000000000001, 1.4800000000000002, 1.1600000000000001, 1.22, 1.2200000000000002, 1.5000000000000002, 1.76, 1.3800000000000001, 1.34, 2.04, 1.54, 1.4200000000000002, 1.7400000000000002, 1.66, 1.58, 0.0]
[0.22, 0.32, 0.2, 0.42, 0.1, 0.56, 0.12, 0.36, 0.16, 0.42, 0.24, 0.34, 0.18, 0.4, 0.2, 0.46, 0.28, 0.48, 0.24, 0.4, 0.18, 0.5, 0.18, 0.56, 0.14, 0.44, 0.3, 0.48, 0.22, 0.54, 0.24, 0.44, 0.34, 0.56, 0.3, 0.48, 0.26, 0.62, 0.22, 0.62, 0.26, 0.64, 0.36, 0.54, 0.2, 0.7, 0.14, 0.54, 0.3, 0.48, 0.4, 0.42, 0.26, 0.66, 0.26, 0.52, 0.18, 0.56, 0.28, 0.0]
[0.24, 0.28, 0.22, 0.18, 0.02, 0.26, 0.18, 0.2, 0.2, 0.18, 0.08, 0.26, 0.08, 0.28, 0.12, 0.14, 0.2, 0.36, 0.12, 0.32, 0.12, 0.26, 0.1, 0.24, 0.16, 0.32, 0.12, 0.3, 0.12, 0.24, 0.18, 0.32, 0.12, 0.3, 0.08, 0.34, 0.12, 0.26, 0.14, 0.32, 0.1, 0.28, 0.14, 0.42, 0.08, 0.4, 0.08, 0.32, 0.14, 0.3, 0.24, 0.32, 0.08, 0.38, 0.12, 0.24, 0.16, 0.54, 0.26, 0.0]
[0.04, 0.02, 0.02, 0.1, 0.1, 0.04, 0.02, 0.06, 0.04, 0.08, 0.04, 0.06, 0.08, 0.04, 0.02, 0.04, 0.04, 0.08, 0.02, 0.04, 0.06, 0.1, 0.1, 0.1, 0.06, 0.06, 0.06, 0.04, 0.04, 0.1, 0.06, 0.08, 0.0, 0.04, 0.16, 0.06, 0.04, 0.06, 0.04, 0.1, 0.02, 0.06, 0.04, 0.12, 0.02, 0.06, 0.08, 0.06, 0.04, 0.0, 0.16, 0.1, 0.04, 0.08, 0.06, 0.02, 0.06, 0.1, 0.08, 0.0]
[0.02, 0.02, 0.02, 0.02, 0.04, 0.04, 0.08, 0.0, 0.02, 0.04, 0.02, 0.04, 0.02, 0.04, 0.02, 0.02, 0.0, 0.06, 0.02, 0.04, 0.0, 0.06, 0.02, 0.06, 0.0, 0.04, 0.0, 0.04, 0.02, 0.04, 0.0, 0.02, 0.04, 0.06, 0.04, 0.04, 0.02, 0.02, 0.02, 0.04, 0.04, 0.06, 0.0, 0.06, 0.02, 0.04, 0.04, 0.02, 0.0, 0.1, 0.02, 0.04, 0.02, 0.04, 0.0, 0.04, 0.02, 0.02, 0.04, 0.0]
[0.0, 0.06, 0.0, 0.02, 0.02, 0.02, 0.02, 0.0, 0.0, 0.04, 0.02, 0.06, 0.04, 0.04, 0.02, 0.02, 0.0, 0.0, 0.0, 0.0, 0.0, 0.04, 0.02, 0.0, 0.0, 0.02, 0.02, 0.0, 0.04, 0.02, 0.02, 0.0, 0.0, 0.04, 0.0, 0.02, 0.02, 0.02, 0.04, 0.0, 0.02, 0.02, 0.0, 0.0, 0.04, 0.02, 0.0, 0.0, 0.0, 0.04, 0.0, 0.02, 0.0, 0.0, 0.02, 0.0, 0.02, 0.02, 0.0, 0.0]
[0.0, 0.04, 0.02, 0.02, 0.04, 0.0, 0.02, 0.06, 0.0, 0.0, 0.0, 0.02, 0.02, 0.0, 0.02, 0.0, 0.0, 0.0, 0.0, 0.02, 0.04, 0.0, 0.04, 0.0, 0.0, 0.0, 0.02, 0.02, 0.0, 0.0, 0.0, 0.0, 0.06, 0.02, 0.0, 0.02, 0.0, 0.02, 0.0, 0.0, 0.02, 0.02, 0.0, 0.0, 0.02, 0.02, 0.0, 0.02, 0.0, 0.02, 0.02, 0.04, 0.02, 0.0, 0.0, 0.0, 0.0, 0.0, 0.02, 0.0]
[0.02, 0.0, 0.0, 0.0, 0.02, 0.0, 0.02, 0.0, 0.0, 0.02, 0.0, 0.0, 0.0, 0.02, 0.02, 0.0, 0.04, 0.0, 0.0, 0.02, 0.02, 0.0, 0.0, 0.0, 0.0, 0.02, 0.0, 0.0, 0.02, 0.04, 0.02, 0.0, 0.02, 0.04, 0.0, 0.02, 0.0, 0.04, 0.02, 0.02, 0.0, 0.04, 0.02, 0.0, 0.0, 0.0, 0.0, 0.0, 0.0, 0.02, 0.0, 0.0, 0.0, 0.02, 0.0, 0.0, 0.0, 0.02, 0.02, 0.0]
[0.0, 0.0, 0.0, 0.0, 0.0, 0.0, 0.0, 0.0, 0.02, 0.02, 0.0, 0.02, 0.02, 0.02, 0.04, 0.0, 0.0, 0.04, 0.0, 0.0, 0.0, 0.0, 0.0, 0.0, 0.0, 0.0, 0.0, 0.0, 0.02, 0.0, 0.0, 0.0, 0.0, 0.02, 0.02, 0.0, 0.0, 0.0, 0.0, 0.02, 0.0, 0.0, 0.02, 0.0, 0.02, 0.02, 0.02, 0.0, 0.02, 0.02, 0.0, 0.0, 0.02, 0.0, 0.0, 0.02, 0.02, 0.0, 0.0, 0.0]
[0.0, 0.0, 0.0, 0.0, 0.0, 0.0, 0.0, 0.0, 0.02, 0.02, 0.0, 0.04, 0.0, 0.0, 0.0, 0.0, 0.0, 0.0, 0.0, 0.02, 0.0, 0.0, 0.0, 0.02, 0.0, 0.0, 0.0, 0.0, 0.02, 0.0, 0.02, 0.02, 0.0, 0.02, 0.0, 0.0, 0.02, 0.0, 0.0, 0.02, 0.0, 0.0, 0.02, 0.02, 0.0, 0.02, 0.0, 0.0, 0.0, 0.0, 0.02, 0.0, 0.0, 0.02, 0.0, 0.0, 0.0, 0.0, 0.0, 0.0]
[0.02, 0.04, 0.02, 0.0, 0.08, 0.02, 0.02, 0.0, 0.06, 0.02, 0.04, 0.0, 0.04, 0.04, 0.02, 0.0, 0.0, 0.02, 0.06, 0.04, 0.0, 0.04, 0.02, 0.04, 0.06, 0.04, 0.0, 0.02, 0.02, 0.02, 0.02, 0.02, 0.02, 0.02, 0.02, 0.0, 0.04, 0.04, 0.04, 0.0, 0.02, 0.0, 0.08, 0.0, 0.04, 0.02, 0.0, 0.02, 0.02, 0.0, 0.04, 0.0, 0.0, 0.04, 0.02, 0.02, 0.06, 0.02, 0.02, 0.0]

2000
[113872.375, 115620.15, 116865.7, 118097.975, 119580.375, 121569.875, 123093.1, 124275.1, 125392.65, 126719.05, 128079.25, 129923.1, 131673.675, 133168.725, 135272.05, 137050.65, 138525.75, 140172.375, 142197.825, 143738.35, 146322.475, 148097.575, 150509.725, 152678.9, 154239.0, 156044.1, 157197.3, 158559.05, 160515.575, 161947.9, 163318.05, 164162.8, 165568.55, 166845.8, 168460.7, 170943.7, 172479.75, 174003.025, 175325.0, 176406.8, 178100.5, 180750.325, 182040.9, 183541.775, 184795.9, 187459.975, 189450.9, 190598.65, 192646.5, 192677.6]
[2.3750000000000004, 2.775, 2.125, 2.575, 2.475, 2.5999999999999996, 2.825, 2.875, 2.425, 2.4250000000000003, 2.8, 2.8, 2.825, 2.925, 2.525, 2.775, 2.6, 2.725, 3.1, 3.425, 2.8499999999999996, 3.0749999999999997, 2.8749999999999996, 3.275, 3.425, 3.35, 3.075, 3.5500000000000003, 2.6249999999999996, 2.85, 3.25, 3.1000000000000005, 3.625, 3.25, 3.75, 4.1499999999999995, 3.125, 3.6250000000000004, 3.7750000000000004, 4.05, 4.15, 3.975, 3.575, 3.6750000000000003, 3.575, 3.65, 3.7, 3.85, 4.075, 0.0]
[9.275, 8.375, 8.975, 8.925, 9.375, 8.9, 9.55, 9.6, 9.05, 9.725, 10.75, 9.75, 9.575, 9.9, 9.625, 10.65, 9.475, 11.3, 9.6, 11.525, 10.775, 11.075, 11.575, 11.6, 11.325, 12.625, 12.0, 11.65, 12.15, 11.5, 12.15, 13.5, 12.9, 13.4, 13.05, 13.9, 13.375, 12.9, 13.25, 15.8, 15.3, 14.45, 15.25, 15.4, 15.25, 14.725, 16.2, 14.95, 16.325, 0.25]
[0.175, 0.325, 0.2, 0.5, 0.15, 0.2, 0.225, 0.375, 0.15, 0.475, 0.05, 0.55, 0.2, 0.45, 0.175, 0.35, 0.225, 0.7, 0.175, 0.5, 0.2, 0.425, 0.15, 0.5, 0.2, 0.525, 0.15, 0.425, 0.3, 0.375, 0.15, 0.375, 0.3, 0.3, 0.275, 0.625, 0.2, 0.4, 0.05, 0.725, 0.3, 0.475, 0.125, 0.45, 0.2, 0.525, 0.25, 0.4, 0.15, 0.0]
[0.025, 0.075, 0.025, 0.05, 0.075, 0.075, 0.0, 0.0, 0.025, 0.05, 0.125, 0.025, 0.1, 0.075, 0.075, 0.05, 0.125, 0.05, 0.05, 0.075, 0.1, 0.05, 0.1, 0.1, 0.05, 0.225, 0.025, 0.075, 0.05, 0.025, 0.0, 0.075, 0.075, 0.075, 0.075, 0.05, 0.025, 0.125, 0.05, 0.125, 0.075, 0.05, 0.025, 0.075, 0.025, 0.05, 0.0, 0.125, 0.05, 0.0]
[0.0, 0.0, 0.0, 0.0, 0.0, 0.0, 0.025, 0.025, 0.0, 0.0, 0.025, 0.05, 0.0, 0.05, 0.05, 0.025, 0.05, 0.075, 0.0, 0.025, 0.025, 0.025, 0.05, 0.0, 0.05, 0.0, 0.0, 0.05, 0.075, 0.075, 0.025, 0.0, 0.05, 0.075, 0.025, 0.0, 0.025, 0.075, 0.025, 0.05, 0.0, 0.05, 0.0, 0.05, 0.0, 0.0, 0.05, 0.025, 0.025, 0.0]
[0.0, 0.0, 0.025, 0.0, 0.0, 0.0, 0.025, 0.025, 0.0, 0.0, 0.025, 0.05, 0.0, 0.025, 0.025, 0.05, 0.0, 0.0, 0.025, 0.05, 0.0, 0.025, 0.0, 0.0, 0.0, 0.0, 0.025, 0.0, 0.0, 0.0, 0.0, 0.025, 0.025, 0.0, 0.025, 0.025, 0.025, 0.075, 0.0, 0.025, 0.0, 0.025, 0.0, 0.0, 0.025, 0.025, 0.025, 0.0, 0.025, 0.0]
[0.025, 0.0, 0.025, 0.025, 0.0, 0.05, 0.0, 0.0, 0.0, 0.0, 0.0, 0.0, 0.025, 0.025, 0.075, 0.0, 0.0, 0.0, 0.025, 0.0, 0.0, 0.025, 0.0, 0.025, 0.05, 0.0, 0.025, 0.025, 0.0, 0.0, 0.05, 0.025, 0.0, 0.0, 0.0, 0.0, 0.0, 0.0, 0.0, 0.025, 0.0, 0.0, 0.025, 0.0, 0.025, 0.0, 0.0, 0.0, 0.0, 0.0]
[0.025, 0.0, 0.025, 0.05, 0.0, 0.075, 0.025, 0.0, 0.0, 0.0, 0.0, 0.0, 0.0, 0.0, 0.0, 0.025, 0.0, 0.0, 0.0, 0.0, 0.025, 0.025, 0.0, 0.0, 0.025, 0.0, 0.0, 0.0, 0.025, 0.0, 0.0, 0.0, 0.0, 0.0, 0.0, 0.025, 0.0, 0.0, 0.025, 0.0, 0.025, 0.025, 0.025, 0.025, 0.0, 0.0, 0.0, 0.0, 0.025, 0.0]
[0.0, 0.025, 0.0, 0.0, 0.0, 0.0, 0.0, 0.0, 0.0, 0.0, 0.0, 0.0, 0.025, 0.0, 0.025, 0.0, 0.0, 0.0, 0.025, 0.0, 0.0, 0.0, 0.0, 0.0, 0.025, 0.0, 0.0, 0.05, 0.0, 0.0, 0.0, 0.0, 0.0, 0.0, 0.025, 0.0, 0.0, 0.0, 0.0, 0.0, 0.0, 0.0, 0.0, 0.025, 0.0, 0.0, 0.025, 0.0, 0.0, 0.0]
[0.025, 0.05, 0.0, 0.0, 0.0, 0.025, 0.0, 0.025, 0.025, 0.0, 0.0, 0.025, 0.0, 0.0, 0.0, 0.025, 0.025, 0.0, 0.0, 0.025, 0.0, 0.025, 0.0, 0.025, 0.0, 0.0, 0.0, 0.0, 0.025, 0.0, 0.0, 0.025, 0.0, 0.0, 0.0, 0.025, 0.0, 0.0, 0.0, 0.0, 0.0, 0.05, 0.0, 0.0, 0.0, 0.0, 0.0, 0.0, 0.0, 0.0]
[0.05, 0.025, 0.025, 0.025, 0.025, 0.0, 0.0, 0.025, 0.05, 0.025, 0.025, 0.075, 0.0, 0.025, 0.0, 0.0, 0.0, 0.05, 0.0, 0.1, 0.025, 0.0, 0.0, 0.0, 0.0, 0.025, 0.0, 0.025, 0.025, 0.025, 0.025, 0.0, 0.1, 0.05, 0.05, 0.025, 0.0, 0.05, 0.05, 0.0, 0.025, 0.0, 0.025, 0.05, 0.05, 0.05, 0.05, 0.0, 0.025, 0.0]

3000
[151266.82142857142, 154287.07142857142, 156460.5, 159908.60714285713, 161756.64285714287, 163080.7857142857, 164459.0, 166810.7142857143, 168462.25, 170508.42857142858, 173821.75, 176059.57142857142, 179166.5, 182560.07142857142, 185014.5, 189010.39285714287, 191555.64285714287, 193085.2142857143, 196824.5357142857, 199210.7142857143, 202933.75, 204863.2142857143, 207419.07142857142, 210486.5, 213439.35714285713, 215970.0, 219393.85714285713, 221657.89285714287, 223763.57142857142, 226987.5, 230077.82142857142, 232873.89285714287, 235792.75, 237394.89285714287, 241289.75, 242970.92857142858, 247000.0357142857, 248626.75, 251574.0, 255408.64285714287, 258235.75, 259501.5, 263090.03571428574, 266302.71428571426, 270249.75, 274079.0714285714, 275536.28571428574, 278663.96428571426, 282409.60714285716, 282437.64285714284]
[4.392857142857143, 3.928571428571429, 4.0, 4.321428571428571, 3.714285714285714, 4.928571428571429, 4.071428571428571, 4.142857142857143, 4.535714285714286, 4.357142857142858, 4.642857142857143, 4.714285714285714, 4.107142857142857, 4.607142857142858, 5.214285714285714, 5.357142857142857, 5.142857142857142, 5.035714285714286, 5.071428571428571, 4.857142857142857, 5.392857142857142, 5.07142857142857, 6.107142857142857, 5.607142857142858, 4.607142857142857, 6.25, 5.7857142857142865, 5.678571428571428, 5.857142857142857, 6.5, 5.500000000000001, 6.785714285714286, 6.035714285714286, 6.678571428571429, 6.571428571428571, 5.857142857142857, 6.107142857142857, 6.785714285714286, 6.678571428571429, 5.678571428571428, 6.107142857142857, 6.964285714285714, 7.464285714285714, 7.035714285714286, 6.178571428571428, 7.642857142857142, 7.392857142857143, 7.785714285714286, 6.892857142857142, 0.03571428571428571]
[11.107142857142858, 12.357142857142858, 11.321428571428571, 12.285714285714286, 12.678571428571429, 12.607142857142858, 11.5, 11.392857142857142, 12.535714285714286, 13.285714285714286, 13.678571428571429, 13.928571428571429, 14.071428571428571, 13.821428571428571, 15.035714285714286, 13.285714285714286, 15.142857142857142, 14.678571428571429, 15.357142857142858, 15.214285714285714, 15.107142857142858, 17.107142857142858, 16.107142857142858, 15.678571428571429, 14.785714285714286, 17.357142857142858, 16.892857142857142, 17.464285714285715, 18.214285714285715, 16.857142857142858, 16.642857142857142, 19.642857142857142, 19.535714285714285, 19.928571428571427, 18.535714285714285, 19.5, 18.785714285714285, 19.964285714285715, 19.071428571428573, 18.607142857142858, 20.678571428571427, 21.214285714285715, 19.928571428571427, 21.285714285714285, 21.821428571428573, 22.107142857142858, 24.25, 24.25, 20.857142857142858, 0.42857142857142855]
[6.392857142857143, 5.571428571428571, 5.607142857142857, 6.285714285714286, 5.714285714285714, 6.285714285714286, 6.357142857142857, 6.214285714285714, 6.071428571428571, 6.357142857142857, 7.607142857142857, 5.964285714285714, 7.0, 6.607142857142857, 7.214285714285714, 7.607142857142857, 7.464285714285714, 7.75, 7.357142857142857, 7.714285714285714, 7.464285714285714, 7.821428571428571, 8.607142857142858, 8.178571428571429, 8.357142857142858, 8.642857142857142, 7.857142857142857, 9.107142857142858, 7.357142857142857, 9.678571428571429, 8.571428571428571, 9.821428571428571, 8.964285714285714, 9.071428571428571, 9.142857142857142, 10.0, 9.285714285714286, 9.464285714285714, 10.5, 9.5, 9.642857142857142, 10.464285714285714, 12.142857142857142, 9.642857142857142, 10.392857142857142, 11.857142857142858, 10.75, 10.678571428571429, 11.392857142857142, 0.07142857142857142]
[0.14285714285714285, 0.07142857142857142, 0.0, 0.2857142857142857, 0.03571428571428571, 0.07142857142857142, 0.0, 0.17857142857142858, 0.03571428571428571, 0.10714285714285714, 0.0, 0.07142857142857142, 0.0, 0.07142857142857142, 0.03571428571428571, 0.0, 0.0, 0.03571428571428571, 0.03571428571428571, 0.07142857142857142, 0.0, 0.14285714285714285, 0.07142857142857142, 0.07142857142857142, 0.03571428571428571, 0.03571428571428571, 0.0, 0.10714285714285714, 0.03571428571428571, 0.10714285714285714, 0.0, 0.10714285714285714, 0.0, 0.03571428571428571, 0.0, 0.07142857142857142, 0.0, 0.07142857142857142, 0.07142857142857142, 0.07142857142857142, 0.03571428571428571, 0.03571428571428571, 0.14285714285714285, 0.10714285714285714, 0.0, 0.03571428571428571, 0.07142857142857142, 0.10714285714285714, 0.03571428571428571, 0.0]
[0.0, 0.03571428571428571, 0.0, 0.0, 0.0, 0.03571428571428571, 0.0, 0.03571428571428571, 0.0, 0.0, 0.0, 0.10714285714285714, 0.03571428571428571, 0.0, 0.07142857142857142, 0.03571428571428571, 0.0, 0.0, 0.0, 0.03571428571428571, 0.03571428571428571, 0.03571428571428571, 0.03571428571428571, 0.10714285714285714, 0.0, 0.10714285714285714, 0.0, 0.0, 0.0, 0.07142857142857142, 0.0, 0.07142857142857142, 0.03571428571428571, 0.0, 0.03571428571428571, 0.0, 0.0, 0.03571428571428571, 0.0, 0.03571428571428571, 0.03571428571428571, 0.0, 0.07142857142857142, 0.03571428571428571, 0.0, 0.03571428571428571, 0.0, 0.10714285714285714, 0.0, 0.0]
[0.0, 0.0, 0.03571428571428571, 0.03571428571428571, 0.0, 0.0, 0.03571428571428571, 0.0, 0.03571428571428571, 0.03571428571428571, 0.0, 0.0, 0.0, 0.03571428571428571, 0.03571428571428571, 0.0, 0.03571428571428571, 0.0, 0.03571428571428571, 0.03571428571428571, 0.0, 0.03571428571428571, 0.0, 0.0, 0.0, 0.03571428571428571, 0.0, 0.0, 0.0, 0.03571428571428571, 0.03571428571428571, 0.03571428571428571, 0.0, 0.0, 0.03571428571428571, 0.03571428571428571, 0.0, 0.0, 0.07142857142857142, 0.0, 0.03571428571428571, 0.03571428571428571, 0.0, 0.03571428571428571, 0.0, 0.0, 0.0, 0.0, 0.03571428571428571, 0.0]
[0.0, 0.03571428571428571, 0.0, 0.03571428571428571, 0.0, 0.0, 0.0, 0.03571428571428571, 0.07142857142857142, 0.03571428571428571, 0.0, 0.0, 0.0, 0.0, 0.03571428571428571, 0.0, 0.03571428571428571, 0.0, 0.07142857142857142, 0.03571428571428571, 0.0, 0.0, 0.03571428571428571, 0.0, 0.07142857142857142, 0.03571428571428571, 0.0, 0.07142857142857142, 0.0, 0.0, 0.0, 0.0, 0.0, 0.0, 0.03571428571428571, 0.0, 0.0, 0.0, 0.0, 0.0, 0.0, 0.03571428571428571, 0.0, 0.03571428571428571, 0.03571428571428571, 0.03571428571428571, 0.0, 0.0, 0.0, 0.0]
[0.0, 0.14285714285714285, 0.0, 0.0, 0.0, 0.03571428571428571, 0.0, 0.0, 0.0, 0.03571428571428571, 0.0, 0.0, 0.0, 0.0, 0.0, 0.03571428571428571, 0.0, 0.0, 0.0, 0.03571428571428571, 0.07142857142857142, 0.0, 0.0, 0.03571428571428571, 0.0, 0.07142857142857142, 0.0, 0.0, 0.0, 0.03571428571428571, 0.0, 0.0, 0.0, 0.0, 0.0, 0.0, 0.0, 0.0, 0.0, 0.03571428571428571, 0.0, 0.0, 0.0, 0.03571428571428571, 0.0, 0.0, 0.03571428571428571, 0.0, 0.0, 0.0]
[0.0, 0.0, 0.0, 0.0, 0.03571428571428571, 0.0, 0.0, 0.0, 0.0, 0.03571428571428571, 0.0, 0.0, 0.0, 0.0, 0.0, 0.0, 0.0, 0.03571428571428571, 0.0, 0.0, 0.07142857142857142, 0.0, 0.03571428571428571, 0.0, 0.0, 0.0, 0.0, 0.0, 0.0, 0.0, 0.0, 0.0, 0.0, 0.0, 0.0, 0.03571428571428571, 0.0, 0.0, 0.0, 0.0, 0.0, 0.0, 0.0, 0.0, 0.0, 0.0, 0.03571428571428571, 0.0, 0.03571428571428571, 0.0]
[0.0, 0.0, 0.0, 0.03571428571428571, 0.0, 0.0, 0.0, 0.0, 0.0, 0.0, 0.0, 0.0, 0.0, 0.03571428571428571, 0.0, 0.0, 0.0, 0.0, 0.0, 0.0, 0.0, 0.0, 0.0, 0.0, 0.0, 0.0, 0.0, 0.0, 0.03571428571428571, 0.07142857142857142, 0.0, 0.0, 0.0, 0.0, 0.0, 0.0, 0.0, 0.0, 0.0, 0.0, 0.07142857142857142, 0.0, 0.0, 0.0, 0.03571428571428571, 0.0, 0.0, 0.0, 0.0, 0.0]
[0.07142857142857142, 0.0, 0.03571428571428571, 0.03571428571428571, 0.07142857142857142, 0.0, 0.0, 0.07142857142857142, 0.03571428571428571, 0.0, 0.03571428571428571, 0.0, 0.0, 0.0, 0.03571428571428571, 0.0, 0.03571428571428571, 0.03571428571428571, 0.0, 0.03571428571428571, 0.03571428571428571, 0.0, 0.07142857142857142, 0.0, 0.03571428571428571, 0.10714285714285714, 0.0, 0.0, 0.0, 0.0, 0.07142857142857142, 0.07142857142857142, 0.10714285714285714, 0.07142857142857142, 0.0, 0.0, 0.03571428571428571, 0.03571428571428571, 0.03571428571428571, 0.07142857142857142, 0.03571428571428571, 0.07142857142857142, 0.07142857142857142, 0.0, 0.0, 0.0, 0.03571428571428571, 0.07142857142857142, 0.07142857142857142, 0.0]

4000
[209038.36666666667, 212105.46666666667, 215201.06666666668, 218099.93333333332, 221450.4, 224041.33333333334, 228103.4, 232729.3, 236813.1, 241114.66666666666, 244080.1, 246425.23333333334, 250014.23333333334, 254792.1, 257458.13333333333, 261769.03333333333, 265050.93333333335, 269494.8, 272998.9666666667, 276217.36666666664, 279752.5333333333, 283205.6, 286756.73333333334, 291303.6666666667, 294353.76666666666, 297195.73333333334, 300990.5333333333, 303709.1666666667, 306399.23333333334, 306900.93333333335]
[5.766666666666667, 5.333333333333333, 5.733333333333333, 6.700000000000001, 6.166666666666666, 6.266666666666667, 6.300000000000001, 5.7333333333333325, 6.133333333333333, 6.366666666666667, 5.966666666666667, 5.866666666666667, 7.2, 6.366666666666666, 6.266666666666667, 7.3999999999999995, 7.133333333333334, 6.866666666666667, 6.833333333333333, 6.9, 7.666666666666667, 7.000000000000001, 7.933333333333334, 7.699999999999999, 7.366666666666666, 7.933333333333333, 8.133333333333333, 8.2, 7.9, 0.13333333333333333]
[14.833333333333334, 14.966666666666667, 16.4, 18.4, 16.433333333333334, 16.533333333333335, 16.566666666666666, 18.133333333333333, 17.933333333333334, 18.566666666666666, 18.6, 18.833333333333332, 18.366666666666667, 20.1, 21.233333333333334, 21.766666666666666, 20.566666666666666, 22.033333333333335, 22.066666666666666, 20.266666666666666, 22.9, 22.033333333333335, 23.066666666666666, 22.366666666666667, 23.366666666666667, 22.866666666666667, 24.433333333333334, 24.333333333333332, 24.4, 0.13333333333333333]
[7.8, 7.833333333333333, 8.7, 8.166666666666666, 8.5, 9.166666666666666, 9.333333333333334, 9.4, 9.766666666666667, 9.0, 9.7, 9.566666666666666, 9.433333333333334, 9.633333333333333, 10.1, 10.066666666666666, 11.7, 10.2, 10.6, 10.466666666666667, 10.966666666666667, 12.1, 12.133333333333333, 11.366666666666667, 12.5, 11.233333333333333, 11.7, 11.833333333333334, 12.733333333333333, 0.16666666666666666]
[0.7666666666666667, 0.6, 0.6, 0.5333333333333333, 0.6, 0.6333333333333333, 0.7333333333333333, 0.6, 0.4666666666666667, 0.6666666666666666, 0.7, 0.5666666666666667, 0.6666666666666666, 0.8333333333333334, 0.7333333333333333, 0.7, 0.9333333333333333, 0.7666666666666667, 0.7, 0.6666666666666666, 0.6666666666666666, 0.7333333333333333, 0.7666666666666667, 0.7666666666666667, 0.6666666666666666, 0.6333333333333333, 0.6, 0.5333333333333333, 0.7, 0.0]
[0.0, 0.03333333333333333, 0.0, 0.1, 0.03333333333333333, 0.0, 0.0, 0.06666666666666667, 0.0, 0.06666666666666667, 0.03333333333333333, 0.0, 0.0, 0.0, 0.03333333333333333, 0.0, 0.0, 0.03333333333333333, 0.0, 0.0, 0.03333333333333333, 0.0, 0.06666666666666667, 0.06666666666666667, 0.06666666666666667, 0.0, 0.0, 0.06666666666666667, 0.0, 0.0]
[0.03333333333333333, 0.06666666666666667, 0.03333333333333333, 0.0, 0.03333333333333333, 0.03333333333333333, 0.03333333333333333, 0.0, 0.03333333333333333, 0.0, 0.0, 0.03333333333333333, 0.03333333333333333, 0.0, 0.06666666666666667, 0.03333333333333333, 0.0, 0.0, 0.0, 0.0, 0.0, 0.0, 0.03333333333333333, 0.0, 0.0, 0.06666666666666667, 0.0, 0.0, 0.0, 0.0]
[0.06666666666666667, 0.0, 0.0, 0.0, 0.0, 0.0, 0.03333333333333333, 0.03333333333333333, 0.0, 0.03333333333333333, 0.0, 0.0, 0.0, 0.0, 0.0, 0.06666666666666667, 0.0, 0.0, 0.03333333333333333, 0.0, 0.0, 0.0, 0.0, 0.0, 0.0, 0.03333333333333333, 0.0, 0.1, 0.03333333333333333, 0.0]
[0.0, 0.03333333333333333, 0.0, 0.0, 0.0, 0.0, 0.03333333333333333, 0.03333333333333333, 0.0, 0.0, 0.0, 0.0, 0.0, 0.0, 0.03333333333333333, 0.03333333333333333, 0.0, 0.0, 0.0, 0.0, 0.0, 0.0, 0.0, 0.03333333333333333, 0.03333333333333333, 0.0, 0.0, 0.03333333333333333, 0.0, 0.0]
[0.0, 0.0, 0.0, 0.0, 0.0, 0.0, 0.0, 0.03333333333333333, 0.03333333333333333, 0.0, 0.0, 0.0, 0.03333333333333333, 0.0, 0.03333333333333333, 0.0, 0.0, 0.06666666666666667, 0.0, 0.0, 0.0, 0.0, 0.0, 0.0, 0.0, 0.03333333333333333, 0.0, 0.0, 0.03333333333333333, 0.0]
[0.03333333333333333, 0.06666666666666667, 0.0, 0.03333333333333333, 0.0, 0.03333333333333333, 0.0, 0.03333333333333333, 0.03333333333333333, 0.0, 0.0, 0.0, 0.0, 0.0, 0.0, 0.0, 0.03333333333333333, 0.03333333333333333, 0.0, 0.0, 0.0, 0.0, 0.0, 0.0, 0.0, 0.0, 0.0, 0.03333333333333333, 0.03333333333333333, 0.0]
[0.06666666666666667, 0.0, 0.03333333333333333, 0.03333333333333333, 0.06666666666666667, 0.0, 0.0, 0.03333333333333333, 0.03333333333333333, 0.0, 0.03333333333333333, 0.03333333333333333, 0.03333333333333333, 0.0, 0.0, 0.03333333333333333, 0.0, 0.03333333333333333, 0.03333333333333333, 0.0, 0.03333333333333333, 0.0, 0.03333333333333333, 0.03333333333333333, 0.03333333333333333, 0.03333333333333333, 0.0, 0.0, 0.0, 0.0]

5000
[226503.0, 232450.79411764705, 235422.82352941178, 239994.67647058822, 242565.14705882352, 246588.26470588235, 250449.5588235294, 253752.08823529413, 257316.41176470587, 260336.32352941178, 263811.9117647059, 268348.76470588235, 270686.8823529412, 274219.29411764705, 279785.0, 283159.85294117645, 286318.85294117645, 290202.0294117647, 295159.32352941175, 295458.0294117647]
[5.588235294117647, 5.0588235294117645, 6.088235294117647, 6.088235294117647, 6.676470588235294, 6.617647058823529, 6.6764705882352935, 6.470588235294118, 5.9411764705882355, 7.088235294117647, 6.9411764705882355, 6.9411764705882355, 6.735294117647059, 7.6764705882352935, 7.205882352941177, 8.058823529411764, 7.117647058823529, 7.029411764705882, 6.647058823529411, 0.11764705882352941]
[17.08823529411765, 16.58823529411765, 17.91176470588235, 16.852941176470587, 18.058823529411764, 19.235294117647058, 17.61764705882353, 18.38235294117647, 18.88235294117647, 18.91176470588235, 21.323529411764707, 21.235294117647058, 20.41176470588235, 20.705882352941178, 22.705882352941178, 22.41176470588235, 23.558823529411764, 21.647058823529413, 22.41176470588235, 0.2647058823529412]
[8.558823529411764, 8.558823529411764, 9.147058823529411, 9.676470588235293, 10.294117647058824, 9.088235294117647, 10.088235294117647, 10.970588235294118, 9.735294117647058, 10.176470588235293, 10.617647058823529, 10.558823529411764, 10.941176470588236, 11.470588235294118, 11.441176470588236, 12.176470588235293, 11.852941176470589, 11.705882352941176, 11.147058823529411, 0.23529411764705882]
[0.6764705882352942, 0.9705882352941176, 0.6470588235294118, 0.47058823529411764, 0.7352941176470589, 0.6470588235294118, 0.7647058823529411, 0.6470588235294118, 0.7647058823529411, 0.7941176470588235, 0.47058823529411764, 0.8235294117647058, 0.6764705882352942, 0.5588235294117647, 0.8529411764705882, 0.4117647058823529, 0.7058823529411765, 0.5294117647058824, 0.6764705882352942, 0.0]
[0.11764705882352941, 0.08823529411764706, 0.20588235294117646, 0.29411764705882354, 0.14705882352941177, 0.20588235294117646, 0.08823529411764706, 0.058823529411764705, 0.08823529411764706, 0.029411764705882353, 0.23529411764705882, 0.14705882352941177, 0.14705882352941177, 0.11764705882352941, 0.23529411764705882, 0.14705882352941177, 0.029411764705882353, 0.08823529411764706, 0.14705882352941177, 0.029411764705882353]
[0.029411764705882353, 0.0, 0.0, 0.0, 0.11764705882352941, 0.029411764705882353, 0.0, 0.0, 0.058823529411764705, 0.0, 0.0, 0.029411764705882353, 0.0, 0.029411764705882353, 0.0, 0.0, 0.029411764705882353, 0.0, 0.0, 0.0]
[0.029411764705882353, 0.029411764705882353, 0.0, 0.029411764705882353, 0.029411764705882353, 0.029411764705882353, 0.0, 0.0, 0.0, 0.029411764705882353, 0.029411764705882353, 0.0, 0.0, 0.029411764705882353, 0.058823529411764705, 0.029411764705882353, 0.0, 0.0, 0.0, 0.0]
[0.029411764705882353, 0.0, 0.0, 0.0, 0.0, 0.0, 0.0, 0.0, 0.0, 0.0, 0.0, 0.0, 0.0, 0.029411764705882353, 0.0, 0.0, 0.029411764705882353, 0.0, 0.0, 0.0]
[0.0, 0.0, 0.0, 0.0, 0.0, 0.0, 0.0, 0.0, 0.0, 0.029411764705882353, 0.029411764705882353, 0.029411764705882353, 0.0, 0.029411764705882353, 0.0, 0.0, 0.0, 0.0, 0.029411764705882353, 0.0]
[0.0, 0.0, 0.0, 0.0, 0.029411764705882353, 0.029411764705882353, 0.0, 0.0, 0.029411764705882353, 0.0, 0.0, 0.0, 0.029411764705882353, 0.029411764705882353, 0.0, 0.029411764705882353, 0.0, 0.0, 0.0, 0.0]
[0.0, 0.08823529411764706, 0.0, 0.058823529411764705, 0.029411764705882353, 0.0, 0.0, 0.11764705882352941, 0.029411764705882353, 0.029411764705882353, 0.029411764705882353, 0.0, 0.0, 0.029411764705882353, 0.029411764705882353, 0.0, 0.0, 0.029411764705882353, 0.029411764705882353, 0.0]

6000
[250869.2857142857, 255713.4, 258637.48571428572, 263359.65714285715, 268496.6857142857, 272803.0571428572, 275116.5714285714, 277465.6857142857, 281006.0857142857, 284665.9142857143, 289847.0, 295649.22857142857, 299900.77142857143, 305042.4857142857, 305179.34285714285]
[6.828571428571428, 6.971428571428571, 7.0285714285714285, 7.457142857142856, 7.085714285714285, 7.314285714285713, 7.171428571428572, 7.828571428571428, 7.114285714285714, 8.0, 7.2, 7.742857142857143, 8.114285714285714, 8.17142857142857, 0.11428571428571428]
[17.457142857142856, 19.8, 18.8, 20.37142857142857, 19.942857142857143, 21.2, 20.97142857142857, 20.742857142857144, 21.457142857142856, 22.0, 21.085714285714285, 23.942857142857143, 23.428571428571427, 23.485714285714284, 0.37142857142857144]
[10.342857142857143, 10.0, 10.057142857142857, 10.085714285714285, 10.028571428571428, 9.4, 10.571428571428571, 11.285714285714286, 10.657142857142857, 11.914285714285715, 11.428571428571429, 11.228571428571428, 12.114285714285714, 11.657142857142857, 0.02857142857142857]
[0.5428571428571428, 0.8, 0.4857142857142857, 0.5428571428571428, 0.6285714285714286, 0.6857142857142857, 0.6571428571428571, 0.5428571428571428, 0.5142857142857142, 0.5714285714285714, 0.9428571428571428, 0.8857142857142857, 0.7714285714285715, 1.0, 0.0]
[0.22857142857142856, 0.14285714285714285, 0.2, 0.3142857142857143, 0.11428571428571428, 0.22857142857142856, 0.11428571428571428, 0.22857142857142856, 0.14285714285714285, 0.02857142857142857, 0.08571428571428572, 0.05714285714285714, 0.17142857142857143, 0.17142857142857143, 0.0]
[0.05714285714285714, 0.02857142857142857, 0.11428571428571428, 0.08571428571428572, 0.08571428571428572, 0.05714285714285714, 0.02857142857142857, 0.0, 0.11428571428571428, 0.14285714285714285, 0.08571428571428572, 0.11428571428571428, 0.08571428571428572, 0.08571428571428572, 0.0]
[0.0, 0.0, 0.0, 0.0, 0.0, 0.02857142857142857, 0.02857142857142857, 0.0, 0.0, 0.0, 0.02857142857142857, 0.0, 0.02857142857142857, 0.0, 0.0]
[0.0, 0.0, 0.0, 0.0, 0.02857142857142857, 0.0, 0.0, 0.0, 0.0, 0.0, 0.0, 0.05714285714285714, 0.02857142857142857, 0.0, 0.0]
[0.0, 0.0, 0.0, 0.08571428571428572, 0.0, 0.0, 0.0, 0.02857142857142857, 0.0, 0.0, 0.02857142857142857, 0.0, 0.0, 0.05714285714285714, 0.0]
[0.0, 0.0, 0.05714285714285714, 0.0, 0.0, 0.0, 0.0, 0.0, 0.0, 0.0, 0.0, 0.0, 0.0, 0.0, 0.0]
[0.0, 0.02857142857142857, 0.0, 0.0, 0.08571428571428572, 0.05714285714285714, 0.02857142857142857, 0.0, 0.0, 0.08571428571428572, 0.0, 0.0, 0.02857142857142857, 0.02857142857142857, 0.0]

8000
[278630.46875, 282423.40625, 287341.84375, 291026.0625, 295209.5, 296524.875, 298926.40625, 301086.78125, 303729.78125, 307046.0625, 313388.46875, 317248.0, 322092.40625, 326570.75, 326657.3125]
[7.59375, 6.75, 6.53125, 7.6875, 8.125, 7.90625, 7.25, 8.59375, 7.4375, 8.34375, 9.0, 8.53125, 7.84375, 8.0, 0.09375]
[21.34375, 21.59375, 21.84375, 24.40625, 22.0625, 21.40625, 22.84375, 24.0, 22.65625, 26.21875, 26.15625, 25.6875, 25.34375, 24.59375, 0.28125]
[11.375, 10.21875, 10.53125, 11.71875, 11.9375, 11.90625, 10.90625, 12.25, 11.75, 11.8125, 12.375, 12.4375, 14.03125, 14.0625, 0.21875]
[0.875, 0.625, 0.625, 0.625, 0.90625, 0.8125, 0.65625, 0.90625, 0.78125, 0.8125, 0.96875, 0.875, 0.875, 0.5625, 0.0]
[0.125, 0.1875, 0.15625, 0.15625, 0.125, 0.09375, 0.15625, 0.15625, 0.0625, 0.125, 0.09375, 0.0625, 0.09375, 0.09375, 0.0625]
[0.0625, 0.0, 0.03125, 0.09375, 0.09375, 0.03125, 0.125, 0.09375, 0.15625, 0.03125, 0.03125, 0.0625, 0.0625, 0.0, 0.0]
[0.03125, 0.0625, 0.0, 0.0, 0.0625, 0.0, 0.0, 0.0, 0.0625, 0.0, 0.03125, 0.0625, 0.0625, 0.0625, 0.0]
[0.0, 0.03125, 0.0625, 0.0625, 0.0, 0.0, 0.0625, 0.0, 0.0, 0.0, 0.03125, 0.0, 0.0, 0.0, 0.0]
[0.0, 0.0, 0.03125, 0.0, 0.0, 0.0, 0.0, 0.03125, 0.0, 0.03125, 0.0, 0.0, 0.0, 0.0, 0.0]
[0.0, 0.0, 0.03125, 0.0, 0.0, 0.0, 0.0, 0.0, 0.0, 0.0, 0.03125, 0.0, 0.0, 0.0, 0.0]
[0.0625, 0.0, 0.03125, 0.09375, 0.0625, 0.09375, 0.0, 0.03125, 0.03125, 0.0, 0.0, 0.0625, 0.0, 0.03125, 0.0]

9000
[279127.2133333333, 283404.1066666667, 286902.36, 291563.48, 295846.72, 300250.73333333334, 306057.7866666667, 310266.37333333335, 315310.8933333333, 319035.4533333333, 323923.32, 328835.7866666667, 332710.96, 337602.7733333333, 337686.36]
[7.186666666666667, 6.333333333333333, 7.333333333333333, 7.253333333333333, 7.466666666666667, 7.8533333333333335, 8.04, 8.293333333333333, 8.453333333333333, 8.706666666666667, 7.693333333333334, 8.693333333333332, 8.946666666666665, 9.466666666666667, 0.18666666666666668]
[19.893333333333334, 21.0, 20.253333333333334, 21.826666666666668, 22.14666666666667, 22.733333333333334, 22.573333333333334, 23.36, 23.72, 23.533333333333335, 24.133333333333333, 24.666666666666668, 25.506666666666668, 27.92, 0.41333333333333333]
[10.28, 9.853333333333333, 10.76, 11.32, 10.973333333333333, 11.386666666666667, 11.08, 11.173333333333334, 11.613333333333333, 12.84, 13.0, 12.533333333333333, 12.853333333333333, 12.933333333333334, 0.13333333333333333]
[0.6133333333333333, 0.6, 0.68, 0.49333333333333335, 0.8666666666666667, 0.8133333333333334, 0.8666666666666667, 0.7466666666666667, 0.88, 1.0, 0.6666666666666666, 0.8, 0.7733333333333333, 0.8933333333333333, 0.013333333333333334]
[0.17333333333333334, 0.10666666666666667, 0.09333333333333334, 0.13333333333333333, 0.10666666666666667, 0.22666666666666666, 0.05333333333333334, 0.16, 0.2, 0.17333333333333334, 0.17333333333333334, 0.2, 0.06666666666666667, 0.14666666666666667, 0.0]
[0.05333333333333334, 0.04, 0.04, 0.09333333333333334, 0.05333333333333334, 0.10666666666666667, 0.04, 0.06666666666666667, 0.12, 0.10666666666666667, 0.06666666666666667, 0.04, 0.04, 0.12, 0.0]
[0.013333333333333334, 0.08, 0.05333333333333334, 0.06666666666666667, 0.0, 0.05333333333333334, 0.04, 0.05333333333333334, 0.04, 0.02666666666666667, 0.06666666666666667, 0.06666666666666667, 0.06666666666666667, 0.04, 0.0]
[0.0, 0.013333333333333334, 0.04, 0.08, 0.02666666666666667, 0.04, 0.0, 0.013333333333333334, 0.013333333333333334, 0.04, 0.02666666666666667, 0.06666666666666667, 0.013333333333333334, 0.02666666666666667, 0.0]
[0.013333333333333334, 0.013333333333333334, 0.013333333333333334, 0.02666666666666667, 0.02666666666666667, 0.08, 0.013333333333333334, 0.04, 0.04, 0.013333333333333334, 0.013333333333333334, 0.013333333333333334, 0.0, 0.02666666666666667, 0.0]
[0.013333333333333334, 0.0, 0.0, 0.0, 0.0, 0.013333333333333334, 0.0, 0.013333333333333334, 0.013333333333333334, 0.0, 0.013333333333333334, 0.013333333333333334, 0.0, 0.0, 0.0]
[0.0, 0.02666666666666667, 0.02666666666666667, 0.013333333333333334, 0.02666666666666667, 0.04, 0.02666666666666667, 0.04, 0.013333333333333334, 0.013333333333333334, 0.013333333333333334, 0.02666666666666667, 0.013333333333333334, 0.04, 0.0]

10000
[295610.9066666667, 301452.0933333333, 306717.08, 311801.4, 315002.4533333333, 319927.06666666665, 324307.4533333333, 328530.36, 333634.2133333333, 334083.61333333334]
[7.866666666666666, 8.226666666666667, 8.306666666666667, 7.96, 7.72, 8.773333333333333, 8.013333333333334, 8.653333333333334, 9.453333333333335, 0.14666666666666667]
[21.92, 23.28, 23.85333333333333, 23.906666666666666, 24.053333333333335, 23.946666666666665, 23.466666666666665, 24.28, 26.36, 0.37333333333333335]
[11.626666666666667, 11.44, 11.44, 11.573333333333334, 11.373333333333333, 11.866666666666667, 12.28, 12.613333333333333, 13.053333333333333, 0.26666666666666666]
[0.96, 0.7333333333333333, 0.7333333333333333, 0.6666666666666666, 0.76, 0.84, 0.7333333333333333, 0.7466666666666667, 0.7866666666666666, 0.04]
[0.13333333333333333, 0.04, 0.10666666666666667, 0.2, 0.12, 0.17333333333333334, 0.10666666666666667, 0.12, 0.21333333333333335, 0.013333333333333334]
[0.09333333333333334, 0.08, 0.10666666666666667, 0.06666666666666667, 0.09333333333333334, 0.08, 0.05333333333333334, 0.06666666666666667, 0.08, 0.013333333333333334]
[0.06666666666666667, 0.05333333333333334, 0.02666666666666667, 0.02666666666666667, 0.06666666666666667, 0.04, 0.05333333333333334, 0.06666666666666667, 0.05333333333333334, 0.0]
[0.05333333333333334, 0.06666666666666667, 0.06666666666666667, 0.02666666666666667, 0.08, 0.05333333333333334, 0.013333333333333334, 0.04, 0.04, 0.0]
[0.013333333333333334, 0.0, 0.06666666666666667, 0.02666666666666667, 0.04, 0.013333333333333334, 0.04, 0.013333333333333334, 0.04, 0.0]
[0.0, 0.02666666666666667, 0.02666666666666667, 0.02666666666666667, 0.04, 0.02666666666666667, 0.0, 0.02666666666666667, 0.0, 0.0]
[0.02666666666666667, 0.013333333333333334, 0.0, 0.08, 0.013333333333333334, 0.013333333333333334, 0.013333333333333334, 0.02666666666666667, 0.02666666666666667, 0.0]

